              precision    recall  f1-score   support

           0       0.72      0.78      0.75      1000
           1       0.78      0.86      0.82      1000
           2       0.61      0.52      0.56      1000
           3       0.61      0.42      0.50      1000
           4       0.56      0.72      0.63      1000
           5       0.64      0.61      0.62      1000
           6       0.65      0.87      0.74      1000
           7       0.78      0.74      0.76      1000
           8       0.82      0.85      0.83      1000
           9       0.89      0.61      0.72      1000

    accuracy                           0.70     10000
   macro avg       0.71      0.70      0.69     10000
weighted avg       0.71      0.70      0.69     10000
